15
14
11
7
19
15
10
8
13
15
7
15
11
17
12
11
3
10
7
10
7
14
12
9
8
7
9
15
15
15
13
7
10
10
11
7
12
12
10
12
11
9
12
6
12
5
13
12
12
15
13
13
11
12
13
7
8
8
7
4
13
19
10
16
14
13
11
13
11
14
9
16
14
2
17
6
15
10
7
16
10
12
13
9
13
17
16
10
7
11
10
11
12
10
16
15
9
13
7
13
13
14
10
6
11
9
13
7
16
18
15
13
8
8
7
9
13
10
11
7
9
13
4
7
8
14
16
11
10
11
10
8
13
12
12
9
5
6
8
7
14
12
16
12
12
8
9
13
8
13
10
10
12
5
11
10
10
13
13
11
16
14
9
6
13
14
14
18
12
12
9
11
12
16
12
13
13
10
12
9
10
8
13
12
10
14
9
7
9
11
11
8
5
11
14
9
11
7
14
15
15
2
12
9
17
10
12
10
10
14
11
11
17
13
13
10
3
11
8
11
13
10
8
11
12
13
11
13
11
17
15
11
8
8
14
17
11
9
13
9
4
10
8
9
16
11
4
5
5
12
6
14
18
14
8
9
9
12
12
18
6
10
10
12
12
7
16
15
11
12
9
14
11
8
14
11
5
4
11
6
9
10
9
16
10
5
13
0
15
18
1
6
14
10
12
6
15
10
14
15
14
13
9
11
15
8
11
9
14
16
11
9
5
9
16
10
8
12
8
13
13
11
16
11
9
11
12
15
9
11
9
11
14
14
15
11
17
13
9
15
8
17
16
11
15
4
17
16
12
15
9
12
10
12
13
6
7
15
12
10
9
14
11
12
11
11
10
7
15
5
8
13
14
13
13
17
14
13
9
9
15
18
12
11
11
7
10
17
6
16
16
13
6
10
11
8
8
13
6
12
11
7
14
8
14
8
6
12
2
10
7
17
9
11
13
12
13
11
13
11
17
10
16
16
13
7
8
8
10
5
7
4
10
11
11
14
17
8
11
9
13
12
15
13
13
6
10
10
15
16
12
5
14
11
10
10
8
12
8
11
15
12
10
16
12
14
13
12
12
10
17
10
5
6
13
11
7
13
14
8
11
15
11
15
10
7
15
9
14
8
6
9
12
9
17
17
17
10
9
11
11
17
9
7
16
13
6
12
10
10
9
16
13
14
14
11
12
3
5
9
11
15
12
15
9
7
15
14
10
5
12
14
8
13
12
15
9
14
16
15
15
12
8
1
17
10
9
7
14
9
7
12
12
9
13
16
14
6
12
14
10
9
14
10
10
13
7
11
15
12
8
10
13
12
12
13
15
16
15
15
4
7
16
10
13
17
9
17
7
15
12
8
10
6
10
14
11
7
9
3
11
15
8
14
9
8
12
12
12
14
15
9
8
13
12
11
11
11
11
12
13
5
12
8
5
11
11
16
8
10
13
15
16
13
12
8
10
3
12
14
12
9
13
19
10
13
16
12
9
9
10
13
12
13
10
17
9
10
3
7
13
14
4
17
14
14
11
12
14
8
12
15
11
6
9
8
10
11
12
3
6
11
15
10
14
12
13
12
8
11
11
10
15
7
10
6
11
8
8
12
14
6
11
14
6
12
7
13
11
7
11
7
17
9
14
14
13
7
8
9
4
11
8
9
8
9
12
14
16
10
11
8
10
14
10
11
11
16
12
9
15
12
8
11
10
8
5
13
14
10
16
14
6
14
10
11
4
8
5
11
7
12
15
17
10
15
7
11
5
10
9
21
8
16
14
16
9
11
10
15
13
17
7
12
12
14
13
14
15
15
18
15
14
11
15
9
9
8
14
13
8
11
6
17
7
14
12
13
5
9
17
10
15
14
9
15
16
12
11
6
19
7
11
12
11
12
13
13
8
13
5
13
13
6
16
13
15
15
13
10
5
12
13
12
13
9
12
10
11
10
16
11
8
9
10
12
15
14
11
8
11
12
7
12
12
12
10
16
7
14
6
12
17
16
15
9
11
15
13
5
10
11
17
10
7
16
13
15
12
7
9
2
10
12
4
6
9
13
16
12
16
14
15
13
10
6
14
9
14
11
11
18
18
11
16
13
13
13
4
9
13
10
10
4
16
8
12
6
10
11
6
3
10
11
9
9
8
10
5
16
10
5
19
11
11
16
11
14
9
6
7
8
13
13
8
15
9
11
12
12
11
12
10
8
14
20
12
14
11
13
9
18
6
14
15
10
12
13
15
14
14
13
10
6
13
10
11
9
12
13
16
8
12
15
9
17
14
13
13
12
9
4
15
