271
280
517
329
273
741
619
947
354
849
89
841
73
918
765
252
67
382
372
917
190
534
975
262
156
436
121
662
492
969
796
378
383
155
980
118
388
828
211
964
256
894
575
161
607
45
149
133
423
833
939
679
261
245
478
352
701
935
16
141
702
936
739
884
972
258
76
922
820
927
240
987
508
26
817
758
446
815
652
292
870
296
537
490
302
794
770
215
626
852
548
276
757
785
971
874
641
288
31
348
970
926
392
429
453
75
726
277
759
735
1000
923
578
407
838
878
123
92
284
69
41
373
52
977
287
778
996
77
589
477
136
910
435
738
846
164
222
192
34
142
831
994
585
244
146
278
433
542
122
375
385
203
617
541
381
485
952
398
795
660
720
891
228
605
235
438
808
988
428
818
655
693
748
395
992
919
862
976
744
359
797
330
912
342
415
472
569
812
730
269
887
370
38
519
688
137
310
613
614
949
684
7
434
859
324
104
725
311
736
824
487
479
954
723
367
323
5
768
814
143
221
332
558
206
516
553
234
83
658
225
475
637
868
419
999
837
559
188
929
511
43
120
183
295
742
914
676
582
209
709
11
469
899
924
99
115
755
856
581
424
144
308
426
827
414
95
771
618
293
941
365
397
425
195
649
881
94
13
346
568
940
400
42
629
644
482
800
0
404
718
2
615
609
124
411
29
638
737
455
623
488
366
93
210
845
87
410
989
752
345
781
131
152
968
708
182
510
291
32
454
973
549
535
368
775
640
635
997
103
128
231
911
677
978
567
716
807
386
460
473
213
786
466
816
361
114
769
529
675
334
783
583
62
513
217
159
208
448
523
897
421
518
321
184
170
506
200
399
834
135
892
356
850
406
875
312
943
966
314
792
226
821
468
804
335
766
319
668
496
219
350
825
956
84
364
620
198
362
36
750
186
437
552
27
746
873
993
371
3
153
35
863
320
579
521
779
858
441
925
339
774
40
930
595
491
700
612
387
685
177
108
168
178
560
810
983
691
470
160
176
948
403
309
673
714
931
704
390
1002
687
710
343
151
322
187
522
301
872
484
507
847
571
520
633
809
986
526
107
363
557
860
866
23
25
630
239
22
445
503
212
551
905
646
727
97
194
297
127
247
596
15
134
220
653
843
767
811
91
318
289
197
898
819
24
625
205
163
756
903
416
603
879
465
805
96
951
331
46
9
933
822
907
813
967
55
21
877
826
928
851
525
214
444
594
148
459
202
546
950
486
294
896
413
1
631
88
145
290
254
938
885
545
283
547
379
719
697
502
565
237
119
586
728
443
274
882
915
844
570
338
90
232
593
711
683
461
784
538
680
577
33
242
959
299
889
590
243
906
85
883
591
110
336
70
913
376
449
117
944
17
147
806
777
602
325
138
100
528
689
493
869
353
109
802
753
113
598
840
349
303
886
44
458
270
37
420
512
861
167
248
672
536
715
961
743
909
761
19
102
934
191
474
650
865
471
216
740
731
111
937
305
670
316
747
573
764
68
341
47
64
713
895
129
606
981
494
681
848
394
904
610
540
663
51
601
82
59
628
597
71
326
717
643
266
696
900
963
853
427
616
300
327
501
81
627
18
836
657
132
125
393
207
791
218
63
66
572
686
196
72
430
396
916
174
264
592
932
412
157
380
10
223
49
171
78
721
162
495
745
257
561
544
504
307
360
65
467
707
384
101
830
422
556
829
260
74
285
158
483
692
772
776
56
253
654
98
358
543
12
337
451
79
531
995
54
408
706
634
599
563
306
509
555
871
497
957
80
854
760
639
476
695
965
984
624
733
749
377
659
588
945
539
391
355
754
298
193
447
622
431
30
566
179
773
823
304
842
667
405
942
998
357
751
530
28
524
576
857
150
351
645
333
229
666
600
788
181
864
112
705
48
562
481
515
550
880
587
799
958
890
514
259
699
263
803
789
463
227
636
793
953
505
656
249
888
281
955
669
527
664
678
374
172
532
233
251
130
901
204
703
230
780
729
499
608
682
698
642
180
199
61
920
962
867
58
921
409
835
452
724
140
8
734
154
439
241
173
238
665
651
456
347
647
417
671
401
389
564
991
712
908
632
580
498
554
105
855
279
106
275
763
798
340
6
985
169
946
60
418
224
50
4
674
166
690
236
86
116
250
317
267
14
893
53
480
782
839
722
442
801
315
57
450
462
39
440
489
533
265
694
787
732
621
246
902
369
574
960
313
464
648
255
328
201
990
790
661
584
1001
457
762
268
876
500
432
402
272
604
282
974
611
175
139
185
165
979
344
126
189
832
286
20
982
